4357 4352 4352 63386
4357 4355 4355 63389
4357 4359 4359 63393
4357 4359 4363 63394
4359 4361 4352 63412
4359 4361 4355 63413
4359 4361 4359 63414
4359 4361 4361 63415
4359 4361 4364 63416
4359 4361 4368 63417
4359 4359 4363 63425
4361 4359 4352 63433
4361 4361 4359 63435
4361 4361 4361 63436
4364 4364 4370 63467
4457 4449 4469 63517
4457 4451 4469 63519
4457 4453 4469 63521
4457 4455 4469 63523
4457 4457 4462 63525
4461 4449 4469 63530
4461 4451 4469 63532
4462 4449 4469 63539
4462 4453 4467 63541
4462 4453 4469 63542
4462 4455 4469 63544
4462 4469 4469 63547
4466 4449 4469 63550
4466 4453 4469 63552
4466 4455 4469 63554
4467 4453 4469 63561
4467 4469 4462 63566
4469 4451 4457 63570
4469 4451 4469 63571
4469 4455 4469 63573
4469 4457 4462 63575
4510 4453 4469 63585
4520 4538 4520 63601
4526 4526 4536 63619
4526 4538 4520 63623
4527 4520 4520 63629
4527 4520 4538 63630
4527 4520 4546 63631
4527 4526 4546 63634
4527 4527 4543 63636
4527 4535 4520 63638
4527 4535 4538 63639
4527 4535 4546 63640
4527 4536 4526 63642
4527 4536 4538 63643
4527 4536 4545 63644
4527 4536 4546 63645
4527 4536 4540 63646
4527 4538 4538 63648
4527 4601 4546 63656
4535 4523 4523 63661
4535 4536 4538 63665
4535 4538 4538 63667
4536 4527 4545 63676
4536 4538 4526 63680
4538 4536 4540 63692
4538 4538 4520 63694
4538 4538 4526 63695
4587 4536 4540 63703
4540 4520 4520 63706
4541 4536 4536 63720
4352 4352 0 63366
4352 4355 0 63367
4354 4352 0 63369
4354 4354 0 63370
4354 4355 0 63371
4354 4359 0 63372
4354 4361 0 63373
4354 4364 0 63374
4354 4370 0 63375
4355 4352 0 63377
4355 4355 0 63378
4355 4357 0 63379
4355 4358 0 63380
4355 4359 0 63381
4355 4361 0 63382
4355 4364 0 63383
4357 4352 0 63385
4357 4354 0 63387
4357 4355 0 63388
4357 4357 0 63390
4357 4358 0 63391
4357 4359 0 63392
4357 4361 0 63395
4357 4364 0 63396
4357 4367 0 63397
4357 4370 0 63398
4357 4363 0 63399
4358 4352 0 63401
4358 4355 0 63402
4358 4359 0 63403
4358 4361 0 63404
4358 4363 0 63405
4359 4352 0 63407
4359 4354 0 63408
4359 4355 0 63409
4359 4359 0 63410
4359 4361 0 63411
4359 4364 0 63418
4359 4366 0 63419
4359 4367 0 63420
4359 4368 0 63421
4359 4369 0 63422
4359 4370 0 63423
4359 4363 0 63424
4361 4352 0 63427
4361 4354 0 63428
4361 4355 0 63429
4361 4357 0 63430
4361 4358 0 63431
4361 4359 0 63432
4361 4361 0 63434
4361 4363 0 63437
4361 4364 0 63438
4361 4366 0 63439
4361 4367 0 63440
4361 4368 0 63441
4361 4369 0 63442
4361 4370 0 63443
4363 4352 0 63450
4363 4355 0 63451
4363 4357 0 63452
4363 4358 0 63453
4363 4359 0 63454
4363 4361 0 63455
4363 4416 0 63456
4363 4363 0 63457
4363 4364 0 63458
4363 4366 0 63459
4363 4368 0 63460
4363 4369 0 63461
4363 4370 0 63462
4364 4363 0 63465
4364 4364 0 63466
4430 4430 0 63469
4432 4432 0 63471
4366 4367 0 63473
4366 4370 0 63474
4368 4368 0 63479
4369 4359 0 63481
4369 4370 0 63482
4369 4363 0 63483
4370 4361 0 63485
4370 4370 0 63486
4441 4441 0 63488
4449 4457 0 63496
4449 4462 0 63497
4449 4467 0 63498
4449 4469 0 63499
4451 4457 0 63501
4451 4461 0 63502
4451 4462 0 63503
4451 4469 0 63504
4453 4457 0 63506
4453 4462 0 63507
4453 4467 0 63508
4453 4469 0 63509
4455 4451 0 63511
4455 4457 0 63512
4455 4462 0 63513
4455 4469 0 63514
4457 4449 0 63516
4457 4451 0 63518
4457 4453 0 63520
4457 4455 0 63522
4457 4457 0 63524
4457 4462 0 63526
4457 4469 0 63527
4461 4449 0 63529
4461 4451 0 63531
4461 4453 0 63533
4461 4455 0 63534
4461 4457 0 63535
4461 4469 0 63536
4462 4449 0 63538
4462 4453 0 63540
4462 4455 0 63543
4462 4462 0 63545
4462 4469 0 63546
4466 4449 0 63549
4466 4453 0 63551
4466 4455 0 63553
4466 4457 0 63555
4466 4462 0 63556
4466 4469 0 63557
4467 4449 0 63559
4467 4453 0 63560
4467 4457 0 63562
4467 4462 0 63563
4467 4467 0 63564
4467 4469 0 63565
4469 4449 0 63568
4469 4451 0 63569
4469 4455 0 63572
4469 4457 0 63574
4469 4461 0 63576
4469 4462 0 63577
4469 4466 0 63578
4469 4467 0 63579
4469 4469 0 63580
4469 4510 0 63581
4510 4449 0 63583
4510 4453 0 63584
4510 4462 0 63586
4510 4469 0 63587
4510 4510 0 63588
4520 4520 0 63596
4520 4523 0 63597
4520 4527 0 63598
4520 4536 0 63599
4520 4538 0 63600
4520 4542 0 63602
4520 4543 0 63603
4520 4546 0 63604
4523 4520 0 63606
4523 4523 0 63607
4523 4526 0 63608
4523 4527 0 63609
4523 4538 0 63610
4523 4587 0 63611
4523 4541 0 63612
4523 4542 0 63613
4523 4544 0 63614
4523 4546 0 63615
4526 4520 0 63617
4526 4526 0 63618
4526 4527 0 63620
4526 4536 0 63621
4526 4538 0 63622
4526 4541 0 63624
4526 4542 0 63625
4526 4544 0 63626
4527 4520 0 63628
4527 4523 0 63632
4527 4526 0 63633
4527 4527 0 63635
4527 4535 0 63637
4527 4536 0 63641
4527 4538 0 63647
4527 4587 0 63649
4527 4592 0 63650
4527 4543 0 63651
4527 4544 0 63652
4527 4545 0 63653
4527 4546 0 63654
4527 4601 0 63655
4527 4540 0 63657
4535 4520 0 63659
4535 4523 0 63660
4535 4527 0 63662
4535 4535 0 63663
4535 4536 0 63664
4535 4538 0 63666
4535 4587 0 63668
4535 4541 0 63669
4535 4542 0 63670
4535 4546 0 63671
4535 4540 0 63672
4536 4526 0 63674
4536 4527 0 63675
4536 4535 0 63677
4536 4536 0 63678
4536 4538 0 63679
4536 4541 0 63681
4536 4542 0 63682
4536 4545 0 63683
4536 4546 0 63684
4536 4540 0 63685
4538 4520 0 63687
4538 4526 0 63688
4538 4527 0 63689
4538 4535 0 63690
4538 4536 0 63691
4538 4538 0 63693
4538 4587 0 63696
4538 4541 0 63697
4538 4542 0 63698
4538 4544 0 63699
4538 4546 0 63700
4587 4536 0 63702
4540 4520 0 63705
4540 4535 0 63707
4540 4538 0 63708
4540 4540 0 63709
4540 4543 0 63710
4540 4546 0 63711
4592 4520 0 63713
4592 4538 0 63714
4592 4587 0 63715
4592 4543 0 63716
4592 4546 0 63717
4541 4536 0 63719
4541 4541 0 63721
4545 4536 0 63726
4545 4538 0 63727
4545 4544 0 63728
4545 4540 0 63729
4546 4523 0 63731
4546 4527 0 63732
4546 4535 0 63733
4546 4536 0 63734
4447 0 0 63364
4352 0 0 63365
4354 0 0 63368
4355 0 0 63376
4357 0 0 63384
4358 0 0 63400
4359 0 0 63406
4361 0 0 63426
4412 0 0 63444
4413 0 0 63445
4414 0 0 63446
4415 0 0 63447
4416 0 0 63448
4363 0 0 63449
4428 0 0 63463
4364 0 0 63464
4430 0 0 63468
4432 0 0 63470
4366 0 0 63472
4436 0 0 63475
4437 0 0 63476
4367 0 0 63477
4368 0 0 63478
4369 0 0 63480
4370 0 0 63484
4441 0 0 63487
4448 0 0 63494
4449 0 0 63495
4451 0 0 63500
4453 0 0 63505
4455 0 0 63510
4457 0 0 63515
4461 0 0 63528
4462 0 0 63537
4466 0 0 63548
4467 0 0 63558
4469 0 0 63567
4510 0 0 63582
4520 0 0 63595
4523 0 0 63605
4526 0 0 63616
4527 0 0 63627
4535 0 0 63658
4536 0 0 63673
4538 0 0 63686
4587 0 0 63701
4540 0 0 63704
4541 0 0 63718
4592 0 0 63712
4542 0 0 63722
4543 0 0 63723
4544 0 0 63724
4545 0 0 63725
4546 0 0 63730
4601 0 0 63735
0 0 0 0
